% # columns="iteration, evaluation, void, void, void, xmean", seed=409365, Wed Apr  3 21:45:53 2019, <python>{}</python> # scaling_of_variables: 1, typical_x: 0
1 8 0 0 0 -0.7574703146492926 -0.43981067668966933 0.34238999695390093 -0.4128693454559975 0.518306872144022
2 16 0 0 0 -0.5806560471487737 -0.974002576812695 0.19575478453526104 -0.5519245200466605 0.9715324675132339
3 24 0 0 0 -0.7097168229013848 -0.8107244093791849 0.37391268654737797 -0.8036707977717019 1.0103876492613766
4 32 0 0 0 -1.4106265708846144 -1.4122246097764108 0.26812243149085807 -1.0044818231024026 0.9113332225610022
5 40 0 0 0 -1.2200992500204482 -1.9060186666733443 0.9416673774893289 -0.7035877795211687 1.1182077894183067
6 48 0 0 0 -1.897697039110921 -2.070400690519166 1.2582863328932863 -1.1572179012418284 1.274032937260764
7 56 0 0 0 -1.8714249005396533 -1.306613060160435 1.0768281887377849 -1.6555417094086704 1.314527229566467
8 64 0 0 0 -2.1868411131659355 -2.2687190751324273 1.346126525993465 -1.3091098744082945 1.4445224445527034
9 72 0 0 0 -2.2891606028412603 -2.5850420399829073 1.5648533595566685 -0.6227261302122086 1.7905495886822804
10 80 0 0 0 -1.637181120887024 -3.5036121962601037 1.3123496635534515 0.07019231064511444 1.4485370689086248
11 88 0 0 0 -1.1220900314753655 -3.7497618596968616 1.4160342132003279 0.5641871170967082 1.4002106244827064
12 96 0 0 0 -1.4217494910520014 -3.122826536135456 1.2360670269142278 0.8531496593885912 1.4693632188906647
13 104 0 0 0 -1.2825740402044739 -3.0734436018889255 0.6445198643186715 0.5346518310789397 0.6770268420319482
14 112 0 0 0 -2.3278111007803957 -2.86098770165209 0.36641891448674857 0.3476208177731614 0.878901338312057
15 120 0 0 0 -2.770042204622321 -3.725608407432353 0.5661424996543631 -0.2226291064686024 0.8211762170762504
16 128 0 0 0 -2.3037485642201068 -3.216669114492346 0.6055432336192597 0.17447454625307474 1.0355010235505795
17 136 0 0 0 -2.4307733665913753 -4.269705715201993 0.520092068598347 0.3279717939311665 0.7436470949717253
18 144 0 0 0 -2.535044196428619 -4.52958739598218 0.729976059752184 0.6570507348024227 0.9607775767588127
19 152 0 0 0 -2.475762763550868 -4.077990968722321 0.7248522139775898 0.5303434663980862 0.9959671405743262
20 160 0 0 0 -2.8943754681821714 -3.9255719328653256 0.6190428488049388 0.45435813149239007 1.0947483381479155
21 168 0 0 0 -2.8075569391002784 -3.9276437575704635 0.729642521332153 0.5132539312701038 0.9922504952728781
22 176 0 0 0 -2.980125610616394 -3.962196669707867 0.8806123908931026 0.6170642142535656 1.1523366235956123
23 184 0 0 0 -2.8956106726112836 -3.954536147171017 0.9571556983092389 0.7474354249857568 1.218084731185485
24 192 0 0 0 -2.87505902461348 -4.0203692871411985 1.073491626506836 0.5092921878934871 1.1655043562351883
25 200 0 0 0 -2.564337393231295 -4.170141606068477 1.1197785517560237 0.7985558365066313 1.2284828588920937
26 208 0 0 0 -2.539978564390374 -3.7505723647102704 1.1831069001759476 0.6554113273410203 1.2932274313379406
27 216 0 0 0 -2.4340369767996117 -3.3583023426247394 1.1957589233119748 0.5465142934505307 1.333171827224508
28 224 0 0 0 -2.402765488251796 -3.338437835928748 1.2873937721435917 0.6529485205638476 1.3687431454464802
29 232 0 0 0 -2.1798235894582962 -3.1983214576899655 1.2755652981415342 0.7314849782600277 1.340971291044456
30 240 0 0 0 -2.4228846664629917 -3.505964174271788 1.2728015394645213 0.8265815426204324 1.4072439399479755
31 248 0 0 0 -2.6954947908880653 -3.7143297994509012 1.1980999780429298 0.6911092546723567 1.3195094611229974
32 256 0 0 0 -2.906519179666965 -3.9460086123387317 1.1776217166981993 0.5742203853512026 1.2651086060240206
33 264 0 0 0 -2.6363741100302858 -3.7725615184426053 1.1914615767868264 0.638204819105229 1.2644413637677312
34 272 0 0 0 -2.8798127194025223 -3.953953120139953 1.0830223821188727 0.4630360130686509 1.1830426102622118
35 280 0 0 0 -2.8620830479143895 -4.089884013011064 1.17539322310066 0.5814473215266239 1.2541196378720998
36 288 0 0 0 -2.82171618892663 -4.129511172180185 1.2990238213620033 0.7963450928125972 1.3758194565517652
37 296 0 0 0 -2.8432635581371035 -4.018211863762205 1.2243342063285092 0.6420930380209122 1.309138577552872
38 304 0 0 0 -2.891553794787692 -3.9622023849179313 1.2171998237616715 0.6171113711987563 1.303379530279275
39 312 0 0 0 -3.1156631841730786 -4.132025537173834 1.1837788511774032 0.5402545578299804 1.261565538227885
40 320 0 0 0 -3.212239490849467 -4.217656584278226 1.1842830897016892 0.5356511015832338 1.2646938439864375
41 328 0 0 0 -3.288023521828634 -4.264367581078478 1.2248700083504318 0.598941927216606 1.3100642887295868
42 336 0 0 0 -3.2426796394090367 -4.225882187797147 1.2383363864492665 0.5954349618318943 1.336035847171356
43 344 0 0 0 -3.372541927203579 -4.437120257542694 1.1876629452415208 0.5987602232372286 1.284124035276712
44 352 0 0 0 -3.2699688733306242 -4.28240843370715 1.2608439985751576 0.6411591431118236 1.3355954097738445
45 360 0 0 0 -3.3205069160459035 -4.196271685470566 1.2317138295580066 0.590797092008872 1.302247048916841
46 368 0 0 0 -3.2868274725614084 -4.1702143538247505 1.2301458493714836 0.6104216039108755 1.3107412274622339
47 376 0 0 0 -3.187325794434838 -4.0594480756793665 1.2297392051770366 0.6097253305486151 1.3147291941973829
48 384 0 0 0 -3.260958614235574 -4.050670450266819 1.2532447354169065 0.6176718279974184 1.3349816827835992
49 392 0 0 0 -3.1501708794211374 -4.003019630238083 1.29530880975399 0.6808201620483387 1.3835700970650882
50 400 0 0 0 -3.233587649929752 -4.042933007848512 1.2984823368257894 0.6820544495755628 1.386121671371048
51 408 0 0 0 -3.341922911860758 -4.202250974112618 1.3243220858397067 0.7095851938698522 1.407282977833783
52 416 0 0 0 -3.2722277153850907 -4.0956475932714325 1.3148830136439378 0.7014792499301024 1.401243613697619
53 424 0 0 0 -3.3320801226350363 -4.070648455280213 1.3360358344849326 0.7158298650354898 1.4212430905977693
54 432 0 0 0 -3.3842443653435788 -4.1693152273513565 1.3278936557618848 0.7187977559352674 1.4189935464975914
55 440 0 0 0 -3.4357619887934803 -4.260333222514362 1.3486383252075675 0.7347990219936932 1.4331342758260204
56 448 0 0 0 -3.554917201892657 -4.341618057833387 1.3751616716135275 0.7538378025237921 1.454765419800669
57 456 0 0 0 -3.4900963692191658 -4.201315790841644 1.359263561939605 0.7303756589112446 1.4370196919726628
58 464 0 0 0 -3.510822083498756 -4.2130103999718544 1.3783246952942714 0.7588929122320991 1.457387438021023
59 472 0 0 0 -3.5321927754415006 -4.221193954565104 1.3838647149398933 0.757537721536987 1.4620753814686078
60 480 0 0 0 -3.5012919670552196 -4.209938217537613 1.392956997412511 0.7683602243023909 1.471871420141368
61 488 0 0 0 -3.4632282983763973 -4.211860087460584 1.3713272207290668 0.756111689165434 1.4546647457372
62 496 0 0 0 -3.4263935211921033 -4.163490083594393 1.352424553201496 0.7374489944463765 1.4368283818476433
63 504 0 0 0 -3.464755289379954 -4.21158152441224 1.3511079646533473 0.7398961834374412 1.4366325496198429
64 512 0 0 0 -3.4113056058742957 -4.179609837959621 1.3560126398471861 0.7516536492480852 1.4429541714118153
65 520 0 0 0 -3.376353040044011 -4.153903004095427 1.3532043426103224 0.7508889805979516 1.4405249724433156
66 528 0 0 0 -3.3805256138446675 -4.149077901335218 1.3613221795623531 0.7591621431923743 1.4487896981987203
67 536 0 0 0 -3.402414462109469 -4.158444227917896 1.3397187244101245 0.7359376507261395 1.4277964702697177
68 544 0 0 0 -3.422886288882006 -4.160365250669378 1.3584526833368478 0.7502636150036103 1.4435728077371681
69 552 0 0 0 -3.438552454852743 -4.176504262346675 1.3620755232711506 0.7528278954637964 1.4473529740762747
70 560 0 0 0 -3.409518875587621 -4.1506491420993665 1.3654350967765392 0.7535926569447204 1.4504052194986652
71 568 0 0 0 -3.3579174511083294 -4.119866468686575 1.3667154888660598 0.7577527282628513 1.4535472073643376
72 576 0 0 0 -3.322243374839162 -4.094121349647761 1.3686596436227485 0.75871894083619 1.455990388470019
73 584 0 0 0 -3.364503482898354 -4.128837924171211 1.359819252540773 0.7500697298470469 1.446596153638995
74 592 0 0 0 -3.422705186557851 -4.169561764069277 1.3492863849626489 0.7402767796974546 1.4351204730299403
75 600 0 0 0 -3.4568736335300483 -4.2123575480734194 1.3599011149310631 0.748827856824898 1.4456471012603274
76 608 0 0 0 -3.428173897868162 -4.203613008369888 1.3595507467633352 0.7493600672286574 1.4458286896050188
77 616 0 0 0 -3.4304509535448755 -4.193562628356562 1.3650423309231297 0.7530417838795291 1.4498866633613896
78 624 0 0 0 -3.391689372795124 -4.169848193367766 1.3610306672665304 0.7506080022023395 1.446965377573126
79 632 0 0 0 -3.364771715950587 -4.140406187328181 1.3672018841850024 0.7579884651312003 1.4532666938111025
80 640 0 0 0 -3.399140422909073 -4.1637759128524126 1.3713185588277628 0.7632896076176667 1.4567894024480272
81 648 0 0 0 -3.3664746776374335 -4.145743897484978 1.3636606870525203 0.7544046411333557 1.449507470112573
82 656 0 0 0 -3.3849682456561014 -4.161334095439082 1.3721342655211557 0.760872421391795 1.4569921732098419
83 664 0 0 0 -3.380510043729142 -4.149282103870127 1.364678087225818 0.753257867133129 1.4494612322199376
84 672 0 0 0 -3.3507338270525526 -4.132708071194833 1.3571789530382226 0.7464060363325026 1.443351796666108
85 680 0 0 0 -3.3762342151524742 -4.156730586747612 1.3622565575473726 0.7523654310722044 1.4479124200781455
86 688 0 0 0 -3.36775194593986 -4.149034217261685 1.3597703149138074 0.7505302293219411 1.445780751086248
87 696 0 0 0 -3.359649964194088 -4.144534577452665 1.3611395743528922 0.7511691837566944 1.4468135458629507
88 704 0 0 0 -3.372375701780566 -4.153200827708871 1.3619252140664084 0.7520016845367713 1.447190594162319
